+9727180535
+9720349221
+9721498943
+9724852318
+9729585842
+9722992081
+9728658367
+9720779335
+9722284946
+9724548226
+9728262359
+9725115751
+9725303791
+9727962058
+9728878212
+9721984178
+9724485802
+9729445940
+9721635429
+9727517007
+9721864562
+9726012933
+9726341322
+9722893174
+9729281416
+9723777414
+9728519243
+9724366601
+9722002523
+9726794747
+9724104725
+9728612923
+9727220990
+9721040249
+9729918081
+9721175198
+9721225545
+9728517729
+9723675985
+9725736121
+9725647233
+9726341039
+9723842985
+9724498035
+9721295645
+9720159552
+9727901363
+9727391444
+9720929290
+9725945252
+9727079324
+9723928281
+9725674204
+9729561712
+9725337833
+9724001386
+9721057368
+9721368953
+9723395211
+9728736177
+9728420147
+9721429535
+9729127710
+9722864107
+9725508567
+9727345355
+9725976693
+9725057762
+9720604000
+9729560908
+9725198800
+9726218110
+9729295013
+9725638063
+9724609490
+9728258437
+9724383381
+9721380894
+9720458380
+9725180845
+9725346474
+9727499979
+9728799037
+9729799159
+9724544377
+9720223958
+9720159389
+9723856638
+9724761587
+9720939928
+9721680176
+9729051935
+9722293606
+9728508300
+9722523626
+9720186487
+9725205680
+9723655716
+9723428744
+9724417158
+9722273384
+9721635152
+9723209227
+9724560008
+9727992004
+9720934258
+9728021361
+9726534096
+9724593460
+9722658836
+9720135062
+9724893375
+9727739460
+9729836304
+9720926749
+9728814428
+9720579339
+9725471004
+9729211709
+9727215415
+9727755961
+9727231386
+9728762783
+9727711564
+9722580411
+9723451314
+9724396090
+9725296182
+9724938940
+9723543889
+9720459341
+9727349280
+9729632431
+9722592444
+9721126938
+9721132772
+9727587997
+9722661503
+9725718144
+9728900671
+9726592466
+9727703031
+9729649342
+9728784164
+9722808933
+9721038241
+9728826103
+9728821214
+9723056064
+9721038449
+9728688377
+9722427921
+9720971560
+9728060808
+9725917715
+9724208955
+9721024289
+9724499064
+9721309167
+9726712252
+9724251695
+9726919257
+9721776392
+9721778526
+9724314813
+9723667945
+9725799642
+9723529759
+9720137995
+9727061749
+9726311880
+9724838158
+9723894433
+9728639753
+9726235033
+9725268906
+9723759270
+9727209612
+9722324324
+9727391823
+9729505031
+9723658904
+9729475367
+9722789380
+9723759963
+9722242263
+9722876620
+9726495327
+9725133582
+9726671608
+9723142774
+9725808001
+9722299661
+9720742645
+9728929925
+9721867022
+9720027329
+9722188869
+9724912148
+9726617672
+9723734205
+9722152979
+9723742582
+9720508888
+9722271326
+9722622106
+9729270602
+9722174187
+9722514629
+9722600306
+9724428925
+9722597886
+9721616293
+9726420483
+9729518745
+9720266864
+9722996880
+9725735344
+9724206981
+9725955087
+9728708691
+9729796691
+9721784732
+9727437146
+9725699373
+9728175925
+9721577246
+9729835135
+9728124869
+9723776731
+9720649611
+9725474835
+9721751300
+9726531983
+9726780898
+9723504962
+9722202054
+9721929461
+9722649860
+9723069639
+9724111141
+9727920828
+9727493101
+9727129970
+9727123371
+9722700429
+9728317749
+9721819615
+9723882686
+9721836859
+9724392379
+9724064875
+9721834909
+9722750713
+9722722914
+9726298472
+9722698817
+9728532633
+9721047664
+9724099378
+9727050919
+9725593473
+9726725405
+9720258237
+9728240365
+9722254478
+9724997139
+9720413927
+9720871258
+9726050222
+9723505291
+9723657092
+9720727877
+9723052420
+9727895333
+9721096038
+9722259909
+9729502964
+9729891044
+9720589966
+9722739184
+9723617380
+9723817011
+9721119435
+9728787158
+9728217610
+9723536204
+9720312350
+9729561025
+9728713873
+9725387671
+9727208660
+9722187034
+9727132890
+9724570342
+9728078417
+9725439706
+9721107876
+9722249996
+9720298287
+9723493854
+9722292960
+9722349274
+9729467645
+9729095323
+9721645649
+9722589902
+9724355546
+9724741834
+9721922181
+9725212834
+9722608596
+9724017715
+9724653418
+9725908661
+9724523013
+9729773820
+9728018314
+9727239866
+9723731662
+9726098273
+9729937298
+9720303770
+9720325478
+9727470085
+9726746314
+9726519134
+9723418063
+9720630919
+9729361642
+9726099068
+9720056441
+9724537856
+9724459524
+9720397052
+9729005286
+9721153017
+9724849497
+9729407553
+9722589869
+9720474532
+9729076660
+9725080955
+9729228023
+9725961043
+9723931353
+9728405791
+9720128271
+9725876045
+9725611956
+9728669471
+9722727105
+9724062883
+9721278250
+9724152954
+9720227106
+9725913241
+9726905348
+9720943566
+9728079472
+9722954923
+9728191475
+9723806705
+9725967917
+9727751149
+9727036119
+9725578739
+9723725810
+9726529807
+9726707709
+9726592163
+9721005129
+9728144803
+9727120148
+9722956038
+9724440273
+9728573892
+9722650669
+9729642189
+9726151813
+9725926957
+9728091953
+9723156746
+9726514322
+9722919327
+9722972263
+9724296301
+9727032445
+9724742661
+9728465218
+9726969416
+9728902374
+9723754370
+9728263914
+9722264871
+9724972906
+9727549721
+9727407886
+9727479954
+9727740336
+9722298693
+9720764874
+9727360574
+9729753762
+9725147988
+9729255467
+9724840732
+9721079619
+9722222542
+9720132845
+9723059161
+9728460869
+9720784792
+9726098547
+9726509432
+9725507555
+9721178344
+9720745397
+9723573141
+9726065926
+9722354532
+9720397424
+9723061858
+9721957755
+9724088126
+9724091346
+9729103568
+9725735207
+9722158569
+9729641450
+9720001224
+9724168620
+9724374552
+9725290948
+9721556376
+9728331127
+9725660972
+9722696785
+9728931662
+9721055243
+9720829166
+9727662007
+9725446159
+9724456925
+9723070820
+9720700900
+9721252475
+9725197764
+9725430194
+9729753004
+9726392902
+9724827404
+9721300925
+9723797490
+9722590338
+9729442392
+9725601749
+9725230366
+9723623043
+9728540925
+9720356234
+9722973575
+9729516134
+9722186191
+9720310060
+9729160866
+9728965902
+9724254693
+9729733249
+9723182967
+9726630362
+9728638369
+9722569990
+9722948043
+9726443865
+9727170667
+9721084112
+9722044233
+9720311587
+9724355063
+9721274423
+9725185897
+9724877808
+9722645179
+9720146339
+9728285086
+9722008965
+9724690974
+9727820983
+9729954394
+9722032203
+9727385391
+9722979201
+9725931521
+9727645097
+9726884354
+9728333353
+9720989023
+9728142769
+9724935496
+9726576380
+9723255773
+9727729531
+9726979693
+9723810262
+9721529070
+9726830655
+9725433107
+9723456297
+9727376195
+9721544151
+9724200327
+9726954781
+9720248806
+9726387774
+9721315088
+9729083562
+9728819158
+9729798014
+9726330855
+9727341735
+9720973975
+9722701002
+9724261806
+9724231615
+9722529815
+9720058375
+9721235644
+9723156688
+9729676030
+9722373241
+9724350759
+9724419057
+9723669560
+9721815281
+9723252110
+9721249734
+9720322414
+9727090287
+9729542682
+9728533795
+9724283432
+9729492020
+9720886317
+9724156282
+9725534439
+9729873429
+9725112818
+9721862663
+9724300989
+9729706156
+9725672170
+9725068065
+9721258064
+9728962562
+9720401452
+9727283482
+9724084863
+9725948344
+9729730124
+9720550822
+9720897052
+9728726539
+9723071813
+9727929930
+9725368285
+9723555630
+9721206473
+9724992510
+9728844583
+9726805845
+9728592467
+9728427305
+9728637735
+9729246708
+9720541251
+9724860613
+9723520356
+9724980956
+9721032331
+9725719800
+9721203730
+9725553035
+9723652929
+9729934758
+9728651912
+9724322930
+9722498153
+9720804058
+9723102790
+9729181359
+9720271634
+9721035235
+9724930200
+9721582176
+9725462115
+9724843793
+9720763849
+9722512383
+9723861857
+9724499511
+9723219786
+9727094135
+9729711254
+9725552052
+9728455786
+9721211591
+9729759686
+9729985046
+9721336998
+9727435263
+9726799822
+9721100181
+9721309980
+9725481357
+9722057448
+9720537712
+9724105703
+9721647318
+9729277913
+9724918889
+9723878904
+9724685930
+9726434276
+9721960979
+9722670100
+9729229227
+9728932414
+9723601258
+9725616946
+9723777050
+9726401884
+9726796631
+9720816405
+9724597240
+9726649457
+9726900987
+9720788846
+9721182783
+9728497880
+9727068406
+9721024347
+9725650957
+9724290433
+9722187864
+9724756159
+9722939668
+9728922926
+9724369271
+9720214601
+9728483423
+9723645446
+9724746620
+9728772936
+9722049827
+9728243413
+9723130446
+9721485406
+9721174266
+9723602700
+9722424320
+9723188006
+9729314115
+9721747212
+9728268219
+9722598748
+9720568215
+9728349357
+9724355619
+9725443120
+9728498287
+9723215601
+9723887724
+9721218739
+9728486141
+9726487636
+9720172592
+9726938625
+9727408083
+9720771612
+9729592504
+9725261926
+9728696540
+9723393133
+9729841524
+9726178435
+9721122723
+9725791634
+9726760609
+9720059210
+9723651438
+9729105396
+9724729196
+9726405363
+9727986985
+9721555158
+9721265972
+9726157688
+9722896883
+9724086920
+9726580836
+9729128450
+9720907872
+9720918126
+9725327954
+9725522640
+9722280797
+9724439847
+9729293002
+9720205321
+9729214218
+9728721238
+9721101633
+9727086734
+9723037108
+9724351419
+9725735244
+9725237584
+9723078246
+9721465817
+9727305345
+9728009993
+9721675080
+9725858325
+9723915182
+9727169411
+9729345119
+9726804316
+9720639273
+9725978144
+9724664003
+9726717839
+9721942805
+9720426123
+9722705603
+9724068757
+9727714092
+9723308083
+9729879473
+9729801256
+9724764733
+9726768307
+9720059706
+9726965997
+9724433681
+9721171034
+9724926877
+9722670600
+9729171166
+9726599826
+9723457267
+9723808011
+9729347250
+9729169852
+9723840652
+9728139323
+9728293995
+9725776397
+9720550221
+9721666391
+9723823081
+9722379191
+9725284963
+9726971013
+9720139255
+9727541732
+9727428118
+9727875149
+9729805725
+9721308581
+9727923226
+9723267934
+9727804228
+9725138194
+9725687910
+9729219201
+9724466205
+9729857060
+9724666285
+9724703765
+9721646746
+9729226919
+9725670296
+9725304702
+9729173465
+9727018157
+9726489374
+9720043576
+9723039311
+9722550898
+9728524908
+9729607377
+9721736060
+9724143577
+9725180764
+9727392630
+9728536816
+9725341381
+9727568446
+9728688866
+9723103897
+9729712865
+9729732599
+9726511401
+9725648747
+9723668746
+9728087974
+9727855304
+9722783081
+9729035780
+9721271386
+9728072399
+9726458314
+9727446407
+9729697790
+9720656618
+9728888652
+9726969604
+9724893268
+9724906529
+9724524731
+9727028460
+9724575769
+9721169750
+9728379577
+9727155864
+9728990698
+9729131869
+9721872906
+9724463856
+9723738191
+9727622487
+9720947354
+9729894419
+9725523585
+9729393990
+9723661803
+9729547016
+9724309300
+9723149965
+9721483963
+9725259594
+9725204959
+9722893017
+9720518682
+9724467570
+9725783139
+9729080795
+9720131093
+9723790951
+9720593913
+9725694601
+9722014822
+9729574552
+9728716642
+9729993314
+9722679130
+9723744214
+9728637370
+9720250289
+9727462177
+9722402912
+9726865573
+9721923180
+9722379371
+9725675824
+9725628975
+9729495408
+9723417323
+9727598795
+9723734007
+9727479351
+9727896550
+9723331462
+9724029337
+9720873288
+9724320344
+9725165995
+9720785364
+9728016175
+9722114408
+9726713629
+9728834872
+9722831137
+9724357115
+9726341922
+9723198386
+9724923479
+9726859339
+9728175321
+9728424711
+9721693289
+9723295674
+9723676386
+9729465043
+9726302942
+9725580870
+9728162017
+9721245141
+9726199141
+9726110736
+9722405034
+9729365191
+9723121963
+9721527475
+9723147018
+9723179351
+9724682349
+9729828987
+9729022774
+9720680459
+9720616945
+9723843795
+9725687997
+9721611295
+9724930113
+9721842886
+9721491507
+9720082660
+9727055332
+9723584139
+9727404595
+9726334549
+9725040747
+9726869623
+9729029503
+9724383337
+9725305472
+9727498964
+9726744458
+9729497499
+9721397378
+9722985553
+9720449037
+9723372188
+9727822630
+9727655127
+9721741763
+9720952486
+9728872087
+9720969914
+9728598360
+9724858970
+9728984746
+9727164045
+9722738952
+9720466477
+9721814412
+9725774462
+9727707679
+9729342137
+9728669322
+9729839562
+9728340341
+9724393094
+9728527192
+9727230311
+9726589195
+9728853667
+9724847092
+9721399322
+9727618501
+9721381372
+9724353842
+9722260903
+9727148189
+9722385752
+9720887522
+9727356809
+9721548593
+9721064469
+9723619492
+9722179211
+9728903110
+9721549112
+9721435392
+9728608953
+9721589540
+9723225383
+9729198594
+9728345481
+9721610264
+9728488082
+9725980478
+9729984839
+9726593766
+9727000082
+9720139672
+9720410768
+9728557716
+9726931148
+9728482411
+9727052562
+9728353284
+9723940743
+9720702705
+9724396037
+9722500767
+9724848821
+9721514660
